$ 13 0.000005 2.3728258192205156 53 5 50
v 160 352 160 64 0 1 40 25 0 0 0.5
w 160 64 304 64 0
w 304 64 304 128 0
d 304 128 368 192 1 0.805904783
d 304 256 368 192 1 0.805904783
d 240 192 304 128 1 0.805904783
d 240 192 304 256 1 0.805904783
w 304 256 304 352 0
w 304 352 160 352 0
w 240 192 240 288 0
c 416 192 416 288 0 0.00009999999999999999 24.243796739665466
w 416 288 544 288 0
r 544 192 544 288 0 1100000
370 416 192 544 192 1 0
w -64 400 368 400 0
w 64 304 80 304 0
w -64 304 -64 400 0
w 0 464 -144 464 0
w 0 368 0 464 0
d -64 304 0 368 1 0.805904783
d -64 304 0 240 1 0.805904783
d 0 368 64 304 1 0.805904783
d 0 240 64 304 1 0.805904783
w 0 176 0 240 0
w -144 176 0 176 0
v -144 464 -144 176 0 1 40 25 0 3.141592653589793 0.5
w 80 304 80 0 0
w 80 0 400 0 0
w 400 0 400 192 0
w 240 288 368 288 0
w 368 288 416 288 0
w 368 192 400 192 0
w 400 192 416 192 0
w 368 288 368 400 0
o 0 64 0 4099 40 0.0015625 0 2 0 3
o 10 64 0 4099 40 0.003125 1 2 10 3
o 12 64 0 4099 40 0.00009765625 2 2 12 3
